Webots Project File version R2020a
perspectives: 000000ff00000000fd00000003000000000000000000000000fc0100000001fb0000001a0044006f00630075006d0065006e0074006100740069006f006e0000000000ffffffff0000006900ffffff00000001000002a80000031afc0200000001fb0000001400540065007800740045006400690074006f007201000000150000031a0000008700ffffff0000000300000780000000b4fc0100000001fb0000000e0043006f006e0073006f006c00650100000000000007800000006900ffffff000004d60000031a00000001000000020000000100000008fc00000000
simulationViewPerspectives: 000000ff00000001000000020000014b000002bf0100000002010000000100
sceneTreePerspectives: 000000ff0000000100000002000000c0000000fa0100000002010000000200
maximizedDockId: -1
centralWidgetVisible: 1
selectionDisabled: 0
viewpointLocked: 0
orthographicViewHeight: 1
textFiles: 0 "controllers/auto_robot/auto_robot.py"
globalOptionalRendering: DistanceSensorRays
renderingDevicePerspectives: MyBot:camera1;1;0.26875;0.807735;0
renderingDevicePerspectives: MyBot:camera0;1;0.272917;0;0
