Webots Project File version R2020a
perspectives: 000000ff00000000fd00000003000000000000000000000000fc0100000001fb0000001a0044006f00630075006d0065006e0074006100740069006f006e0000000000ffffffff0000006900ffffff00000001000001e6000002f4fc0200000001fb0000001400540065007800740045006400690074006f00720100000015000002f40000004100ffffff0000000300000780000000dafc0100000001fb0000000e0043006f006e0073006f006c00650100000000000007800000006900ffffff00000598000002f400000001000000020000000100000008fc00000000
simulationViewPerspectives: 000000ff00000001000000020000014b000002bf0100000002010000000100
sceneTreePerspectives: 000000ff0000000100000002000000c0000000fa0100000002010000000200
maximizedDockId: -1
centralWidgetVisible: 1
selectionDisabled: 0
viewpointLocked: 0
orthographicViewHeight: 1
textFiles: -1
renderingDevicePerspectives: robot:MultiSense S21 right camera;1;0.230469;0.783439;0
renderingDevicePerspectives: robot:camera;1;1;0;0
renderingDevicePerspectives: robot:MultiSense S21 left camera;1;0.163603;0.281165;0
