Webots Project File version R2020a
perspectives: 000000ff00000000fd0000000300000000000001f70000040afc0100000002fb0000001e00480074006d006c0052006f0062006f007400570069006e0064006f00770000000000000001f70000000000000000fb0000001a0044006f00630075006d0065006e0074006100740069006f006e0000000000ffffffff0000006900ffffff00000001000002400000032afc0200000001fb0000001400540065007800740045006400690074006f007201000000150000032a0000008700ffffff0000000300000780000000a4fc0100000001fb0000000e0043006f006e0073006f006c00650100000000000007800000006900ffffff0000053e0000032a00000001000000020000000100000008fc00000000
simulationViewPerspectives: 000000ff000000010000000200000117000006260100000002010000000100
sceneTreePerspectives: 000000ff0000000100000002000000c00000011f0100000002010000000200
maximizedDockId: -1
centralWidgetVisible: 1
selectionDisabled: 0
viewpointLocked: 0
orthographicViewHeight: 1
textFiles: 0 "controllers/SLAM/SLAM.py" "controllers/auto_robot/auto_robot.py"
renderingDevicePerspectives: MyBot:camera1;1;0.279688;0;0
renderingDevicePerspectives: laptop:display;0;0.179032;0;0
renderingDevicePerspectives: MyBot:camera0;1;0.2625;0;0
renderingDevicePerspectives: television:display;0;1;0;0
